0, 0.064168 ,0.150454,  10, 6, 22, 6, 6, 0.150454
1, 0.085209 ,0.157954,  8, 6, 28, 4, 47, 0.157954
2, 0.096988 ,0.162522,  24, 24, 24, 1, 47, 0.162522
3, 0.105120 ,0.162522,  24, 24, 24, 1, 47, 0.162522
4, 0.115404 ,0.162522,  24, 24, 24, 1, 47, 0.162522
5, 0.123443 ,0.164516,  64, 2, 15, 24, 1, 0.164516
6, 0.125192 ,0.164516,  64, 2, 15, 24, 1, 0.164516
7, 0.112432 ,0.165855,  24, 24, 2, 1, 64, 0.165855
8, 0.125341 ,0.165855,  24, 24, 2, 1, 64, 0.165855
9, 0.117202 ,0.165855,  24, 24, 2, 1, 64, 0.165855
10, 0.110101 ,0.179970,  67, 1, 40, 33, 64, 0.179970
